Ano: int, Populaçao: Double
1980;987050;
1981;1000720;
1982;1016540;
1983;1030080;
1984;1043570
1985;1058510
1986;1075070
1987;1093000
1988;1110260
1989;1127040
1990;1143330
1991;1158230
1992;1171710
1993;1185170
1994;1198500
1995;1211210
1996;1223890
1997;1236260
1998;1247610
1999;1257860
2000;1267430
2001;1276270
2002;1284530
2003;1292270
2004;1299880
2005;1307560
2006;1314480
2007;1321290
2008;1328020
2009;1334500
2010;1340910
2011;1347350
2012;1354040
2013;1360720
2014;1367820
